
LOGIN: 959644
TICKET: 34833380
OPEN_TIME: "07/12/2023 05:17:47"
TYPE: "Sell"
VOLUME: 0.01
SYMBOL: "AUDCAD"
OPEN_PRICE: 0.88801
SL: 0.89728
TP: 0.86014
CLOSE_TIME: "07/12/2023 18:40:22"
CLOSE_PRICE: 0.89693
SWAPS: 0
PROFIT: -6.56